1,1,473.6544494628906,152.3053741455078,133.10153198242188,220.8720245361328,-1,-1,-1,-1
2,1,468.8565673828125,151.05172729492188,122.784912109375,228.1124267578125,-1,-1,-1,-1
3,1,467.91412353515625,151.6509552001953,117.17327880859375,230.0191192626953,-1,-1,-1,-1
4,1,468.698974609375,153.51536560058594,114.65771484375,227.6663360595703,-1,-1,-1,-1
5,1,459.6739501953125,139.2545623779297,113.51837158203125,242.9291534423828,-1,-1,-1,-1
6,1,451.18499755859375,145.60064697265625,122.17218017578125,236.94424438476562,-1,-1,-1,-1
7,1,449.0487060546875,155.43353271484375,118.7574462890625,226.31689453125,-1,-1,-1,-1
8,1,439.12890625,134.4705810546875,143.66552734375,250.70346069335938,-1,-1,-1,-1
9,1,441.67584228515625,153.92202758789062,141.7633056640625,225.35980224609375,-1,-1,-1,-1
10,1,441.6867980957031,154.04360961914062,142.46987915039062,224.61431884765625,-1,-1,-1,-1
11,1,438.2721862792969,154.25152587890625,141.53787231445312,228.24148559570312,-1,-1,-1,-1
12,1,431.5444030761719,154.4545135498047,140.81619262695312,219.32884216308594,-1,-1,-1,-1
13,1,430.0436096191406,153.31240844726562,122.81954956054688,217.30899047851562,-1,-1,-1,-1
14,1,431.28558349609375,151.38818359375,115.91796875,227.04254150390625,-1,-1,-1,-1
15,1,420.5067138671875,148.99465942382812,118.8135986328125,233.587890625,-1,-1,-1,-1
16,1,422.0106201171875,148.58131408691406,116.49920654296875,234.0309600830078,-1,-1,-1,-1
17,1,424.29315185546875,148.9927215576172,124.85430908203125,236.53904724121094,-1,-1,-1,-1
18,1,427.2403869628906,172.7137908935547,120.36849975585938,208.15721130371094,-1,-1,-1,-1
19,1,420.3584899902344,158.50588989257812,127.22824096679688,228.77890014648438,-1,-1,-1,-1
20,1,411.82501220703125,151.228759765625,137.97015380859375,229.65484619140625,-1,-1,-1,-1
21,1,412.1290283203125,150.63873291015625,135.5123291015625,224.67578125,-1,-1,-1,-1
22,1,411.73455810546875,150.13327026367188,137.80706787109375,224.67471313476562,-1,-1,-1,-1
23,1,411.757080078125,148.80880737304688,121.9189453125,226.8411865234375,-1,-1,-1,-1
24,1,411.7150573730469,148.811767578125,108.72592163085938,218.7298583984375,-1,-1,-1,-1
25,1,407.0234069824219,148.0020751953125,106.6561279296875,221.16015625,-1,-1,-1,-1
26,1,397.3505554199219,146.97210693359375,99.70925903320312,220.44940185546875,-1,-1,-1,-1
27,1,383.572265625,146.36109924316406,104.48928833007812,226.05601501464844,-1,-1,-1,-1
28,1,383.47430419921875,146.26959228515625,104.67840576171875,225.75857543945312,-1,-1,-1,-1
29,1,372.3789367675781,145.8140869140625,106.81741333007812,218.09295654296875,-1,-1,-1,-1
30,1,367.1942138671875,146.34059143066406,108.9891357421875,238.8199920654297,-1,-1,-1,-1
31,1,366.5167236328125,148.28826904296875,108.98480224609375,243.57000732421875,-1,-1,-1,-1
32,1,376.58905029296875,150.28355407714844,97.992431640625,242.21409606933594,-1,-1,-1,-1
33,1,371.7019348144531,152.0716552734375,87.05636596679688,234.23568725585938,-1,-1,-1,-1
34,1,372.505126953125,152.20367431640625,84.6800537109375,233.49237060546875,-1,-1,-1,-1
35,1,374.26409912109375,155.29183959960938,75.60134887695312,214.63143920898438,-1,-1,-1,-1
36,1,373.07879638671875,157.54019165039062,80.12298583984375,221.66018676757812,-1,-1,-1,-1
37,1,370.07403564453125,158.12713623046875,102.38143920898438,223.08193969726562,-1,-1,-1,-1
38,1,365.23101806640625,158.5076446533203,103.63558959960938,236.04115295410156,-1,-1,-1,-1
39,1,360.29034423828125,158.81039428710938,108.32131958007812,237.81427001953125,-1,-1,-1,-1
40,1,359.8504638671875,158.71034240722656,109.22686767578125,238.12574768066406,-1,-1,-1,-1
41,1,353.1571350097656,158.47921752929688,112.71249389648438,237.61724853515625,-1,-1,-1,-1
42,1,351.18231201171875,159.62306213378906,102.4068603515625,232.7630157470703,-1,-1,-1,-1
43,1,351.31915283203125,159.60719299316406,101.05035400390625,233.9898223876953,-1,-1,-1,-1
44,1,349.0020446777344,161.48155212402344,100.08767700195312,234.1284942626953,-1,-1,-1,-1
45,1,346.447998046875,161.9818572998047,99.576904296875,235.2928924560547,-1,-1,-1,-1
46,1,346.7274169921875,161.9940948486328,98.97219848632812,235.33311462402344,-1,-1,-1,-1
47,1,344.9049072265625,162.53775024414062,99.7005615234375,236.5943603515625,-1,-1,-1,-1
48,1,342.6556396484375,162.64028930664062,100.13226318359375,233.37539672851562,-1,-1,-1,-1
49,1,339.15478515625,162.68214416503906,110.358154296875,223.8496551513672,-1,-1,-1,-1
50,1,332.15948486328125,161.81637573242188,119.91607666015625,225.53207397460938,-1,-1,-1,-1
51,1,331.67425537109375,162.19512939453125,117.252197265625,207.8160400390625,-1,-1,-1,-1
52,1,332.0289001464844,162.11643981933594,114.4747314453125,205.10682678222656,-1,-1,-1,-1
53,1,328.2349548339844,162.01077270507812,115.39767456054688,224.40081787109375,-1,-1,-1,-1
54,1,329.25628662109375,161.67030334472656,110.931884765625,238.95066833496094,-1,-1,-1,-1
55,1,331.74285888671875,161.55828857421875,111.3267822265625,241.67306518554688,-1,-1,-1,-1
56,1,327.35186767578125,163.85240173339844,100.80825805664062,237.0463104248047,-1,-1,-1,-1
57,1,324.26806640625,165.44741821289062,99.22296142578125,239.5584716796875,-1,-1,-1,-1
58,1,324.0442810058594,165.4384307861328,100.25759887695312,239.7689666748047,-1,-1,-1,-1
59,1,319.44122314453125,166.57362365722656,99.08349609375,241.32469177246094,-1,-1,-1,-1
60,1,311.9765319824219,170.06712341308594,95.81268310546875,236.77760314941406,-1,-1,-1,-1
61,1,306.4418640136719,170.15701293945312,86.63400268554688,226.2410888671875,-1,-1,-1,-1
62,1,301.7142028808594,171.82325744628906,80.97164916992188,217.9967803955078,-1,-1,-1,-1
63,1,298.5238342285156,173.2024383544922,83.87765502929688,221.1230010986328,-1,-1,-1,-1
64,1,298.3109130859375,173.1805419921875,84.22616577148438,222.47796630859375,-1,-1,-1,-1
65,1,295.66485595703125,173.9207000732422,86.3873291015625,230.3255157470703,-1,-1,-1,-1
66,1,296.6224060058594,174.88461303710938,91.23086547851562,236.93222045898438,-1,-1,-1,-1
67,1,293.37042236328125,175.73182678222656,105.41107177734375,236.3730010986328,-1,-1,-1,-1
68,1,297.7575988769531,176.6621856689453,101.22525024414062,235.0658416748047,-1,-1,-1,-1
69,1,286.27801513671875,174.92030334472656,106.90408325195312,237.53916931152344,-1,-1,-1,-1
70,1,286.2333068847656,174.5189208984375,106.52285766601562,238.07904052734375,-1,-1,-1,-1
71,1,281.6181640625,177.2001190185547,113.29592895507812,236.33021545410156,-1,-1,-1,-1
72,1,280.9908447265625,179.2285919189453,111.7901611328125,234.4357452392578,-1,-1,-1,-1
73,1,282.4635925292969,181.5689239501953,116.1383056640625,235.0087432861328,-1,-1,-1,-1
74,1,284.6482238769531,179.81390380859375,116.08108520507812,236.34481811523438,-1,-1,-1,-1
75,1,289.9053649902344,190.65414428710938,109.65707397460938,225.6461181640625,-1,-1,-1,-1
76,1,289.931396484375,195.54017639160156,109.5281982421875,220.5057830810547,-1,-1,-1,-1
77,1,295.1382751464844,187.44703674316406,106.28521728515625,230.7139129638672,-1,-1,-1,-1
78,1,294.7402038574219,182.54827880859375,100.3719482421875,236.75210571289062,-1,-1,-1,-1
79,1,296.7004699707031,183.2976837158203,96.38131713867188,236.8562469482422,-1,-1,-1,-1
80,1,293.59197998046875,182.9796905517578,95.09368896484375,238.63795471191406,-1,-1,-1,-1
81,1,290.1259765625,183.76669311523438,91.0693359375,236.61532592773438,-1,-1,-1,-1
82,1,290.39447021484375,183.70716857910156,90.62017822265625,236.69923400878906,-1,-1,-1,-1
83,1,290.1302490234375,185.30784606933594,87.7813720703125,235.14585876464844,-1,-1,-1,-1
84,1,287.2559509277344,188.54867553710938,91.76980590820312,232.04022216796875,-1,-1,-1,-1
85,1,284.81329345703125,188.9125213623047,97.7730712890625,223.21083068847656,-1,-1,-1,-1
86,1,285.047119140625,188.23655700683594,102.04730224609375,224.58628845214844,-1,-1,-1,-1
87,1,283.8118896484375,191.41159057617188,103.85986328125,224.34957885742188,-1,-1,-1,-1
88,1,283.5284423828125,191.89871215820312,104.61602783203125,223.22293090820312,-1,-1,-1,-1
89,1,285.16961669921875,192.25927734375,103.80126953125,232.2508544921875,-1,-1,-1,-1
90,1,287.49700927734375,194.258056640625,101.2935791015625,234.44882202148438,-1,-1,-1,-1
91,1,292.30218505859375,196.51376342773438,96.47470092773438,228.83639526367188,-1,-1,-1,-1
92,1,301.5035705566406,204.2424774169922,94.68408203125,219.49269104003906,-1,-1,-1,-1
93,1,308.2801208496094,215.86322021484375,100.26504516601562,205.9168701171875,-1,-1,-1,-1
94,1,308.1358642578125,216.1130828857422,100.85516357421875,206.28517150878906,-1,-1,-1,-1
95,1,314.0800476074219,206.3625030517578,104.20321655273438,223.09059143066406,-1,-1,-1,-1
96,1,323.8795166015625,206.65921020507812,95.28604125976562,221.65365600585938,-1,-1,-1,-1
97,1,330.41583251953125,203.75547790527344,94.00054931640625,227.2422332763672,-1,-1,-1,-1
98,1,354.88494873046875,206.5503387451172,98.88623046875,220.83836364746094,-1,-1,-1,-1
1,2,610.80419921875,114.98458862304688,102.41357421875,276.5227966308594,-1,-1,-1,-1
2,2,603.0050659179688,112.77051544189453,112.51263427734375,275.3370361328125,-1,-1,-1,-1
3,2,597.3869018554688,108.78862762451172,129.29449462890625,281.81634521484375,-1,-1,-1,-1
1,3,567.1481323242188,115.87252807617188,143.6436767578125,277.0841979980469,-1,-1,-1,-1
2,3,569.06201171875,112.19099426269531,134.8294677734375,282.69635009765625,-1,-1,-1,-1
3,3,586.7622680664062,107.90081024169922,133.63623046875,285.54986572265625,-1,-1,-1,-1
4,3,585.3049926757812,107.6963882446289,136.37799072265625,286.0039367675781,-1,-1,-1,-1
5,3,577.6968994140625,102.25374603271484,135.83599853515625,300.1454772949219,-1,-1,-1,-1
6,3,556.28662109375,98.49890899658203,149.8209228515625,316.966796875,-1,-1,-1,-1
7,3,552.3958740234375,96.32899475097656,144.62255859375,320.322998046875,-1,-1,-1,-1
8,3,560.177001953125,96.14497375488281,134.46978759765625,298.69427490234375,-1,-1,-1,-1
9,3,547.6563110351562,95.678955078125,149.70379638671875,322.6422119140625,-1,-1,-1,-1
10,3,545.77734375,96.0462646484375,152.1240234375,322.4681701660156,-1,-1,-1,-1
11,3,537.90283203125,97.30303192138672,177.0899658203125,324.98468017578125,-1,-1,-1,-1
12,3,538.045654296875,100.4155502319336,179.576171875,301.1205749511719,-1,-1,-1,-1
13,3,544.9360961914062,102.42179107666016,170.375732421875,290.1981506347656,-1,-1,-1,-1
14,3,552.7202758789062,104.08907318115234,160.64813232421875,308.8028564453125,-1,-1,-1,-1
15,3,548.4765014648438,105.81739044189453,156.92987060546875,320.08123779296875,-1,-1,-1,-1
16,3,548.4646606445312,105.79874420166016,157.2823486328125,320.189208984375,-1,-1,-1,-1
17,3,537.833984375,110.18880462646484,161.806396484375,288.0075378417969,-1,-1,-1,-1
18,3,542.0465087890625,111.80294799804688,160.6884765625,275.205078125,-1,-1,-1,-1
19,3,541.8931274414062,113.26093292236328,165.17596435546875,295.7621154785156,-1,-1,-1,-1
20,3,545.255859375,112.85285949707031,161.4158935546875,290.9794921875,-1,-1,-1,-1
21,3,536.3021240234375,110.75553894042969,166.21923828125,287.413330078125,-1,-1,-1,-1
22,3,536.1812133789062,110.71759796142578,166.38323974609375,287.3140869140625,-1,-1,-1,-1
23,3,533.245849609375,118.14859771728516,160.297119140625,286.3087463378906,-1,-1,-1,-1
24,3,524.7208251953125,116.31907653808594,161.4285888671875,281.4053955078125,-1,-1,-1,-1
25,3,521.02587890625,115.16940307617188,160.4649658203125,289.4609069824219,-1,-1,-1,-1
26,3,516.6063842773438,120.29115295410156,146.24151611328125,281.5634765625,-1,-1,-1,-1
27,3,513.6759033203125,118.68588256835938,140.326416015625,288.6813049316406,-1,-1,-1,-1
28,3,513.7510986328125,118.11328125,140.00177001953125,291.4548034667969,-1,-1,-1,-1
29,3,522.0650634765625,121.06599426269531,135.3963623046875,286.7890625,-1,-1,-1,-1
30,3,489.6370849609375,114.57551574707031,163.05108642578125,328.39495849609375,-1,-1,-1,-1
31,3,463.63299560546875,114.38052368164062,188.393310546875,332.17913818359375,-1,-1,-1,-1
32,3,459.4815673828125,117.4844970703125,184.33758544921875,330.454345703125,-1,-1,-1,-1
33,3,459.9136047363281,111.10218811035156,185.14639282226562,339.3956298828125,-1,-1,-1,-1
34,3,459.8050842285156,110.84814453125,185.36398315429688,339.8652038574219,-1,-1,-1,-1
35,3,469.1286315917969,126.7980728149414,178.89767456054688,324.9085693359375,-1,-1,-1,-1
36,3,494.98406982421875,125.94923400878906,157.33038330078125,299.8817138671875,-1,-1,-1,-1
37,3,486.265869140625,127.00132751464844,161.7149658203125,308.44805908203125,-1,-1,-1,-1
38,3,457.50518798828125,126.53028106689453,181.473876953125,330.0596008300781,-1,-1,-1,-1
39,3,458.39691162109375,123.30192565917969,165.72686767578125,328.75360107421875,-1,-1,-1,-1
40,3,456.4058532714844,128.16072845458984,166.03384399414062,322.1346740722656,-1,-1,-1,-1
41,3,464.83087158203125,119.94849395751953,178.06573486328125,334.40716552734375,-1,-1,-1,-1
42,3,466.5341796875,118.47808074951172,194.29974365234375,336.99462890625,-1,-1,-1,-1
43,3,476.8617858886719,118.49211883544922,182.06375122070312,330.4334716796875,-1,-1,-1,-1
44,3,479.8895263671875,120.77323913574219,168.7415771484375,315.0264892578125,-1,-1,-1,-1
45,3,480.60675048828125,122.6357650756836,196.28656005859375,330.26556396484375,-1,-1,-1,-1
46,3,479.2417297363281,122.91618347167969,199.56381225585938,331.572021484375,-1,-1,-1,-1
47,3,478.6434631347656,126.57317352294922,200.73861694335938,325.9034423828125,-1,-1,-1,-1
48,3,478.7481689453125,134.05325317382812,193.88623046875,322.9873962402344,-1,-1,-1,-1
49,3,481.8394775390625,139.5374755859375,181.2711181640625,298.1650695800781,-1,-1,-1,-1
50,3,474.93408203125,141.7889862060547,189.2646484375,296.848876953125,-1,-1,-1,-1
51,3,472.40655517578125,142.6490020751953,188.5128173828125,290.99456787109375,-1,-1,-1,-1
52,3,472.2139892578125,142.78565979003906,188.85003662109375,290.8023681640625,-1,-1,-1,-1
53,3,468.3648681640625,142.0864715576172,192.5521240234375,294.396728515625,-1,-1,-1,-1
54,3,469.40673828125,140.99188232421875,187.713134765625,298.53216552734375,-1,-1,-1,-1
55,3,466.24285888671875,137.0767822265625,189.94451904296875,295.44647216796875,-1,-1,-1,-1
56,3,463.9267883300781,135.3111572265625,190.76522827148438,317.4136047363281,-1,-1,-1,-1
57,3,466.90472412109375,134.99795532226562,179.97430419921875,314.40325927734375,-1,-1,-1,-1
58,3,467.82879638671875,134.86488342285156,178.754638671875,314.44232177734375,-1,-1,-1,-1
59,3,461.922607421875,137.38690185546875,158.40106201171875,303.6781921386719,-1,-1,-1,-1
60,3,454.7695617675781,135.7154998779297,157.55068969726562,321.3553466796875,-1,-1,-1,-1
61,3,459.71905517578125,140.32884216308594,135.20245361328125,263.34619140625,-1,-1,-1,-1
62,3,464.9416198730469,140.82447814941406,123.76840209960938,261.71612548828125,-1,-1,-1,-1
63,3,462.38092041015625,140.40109252929688,119.171630859375,265.2503356933594,-1,-1,-1,-1
64,3,462.71844482421875,140.3138885498047,118.58135986328125,268.1314697265625,-1,-1,-1,-1
65,3,444.0841369628906,139.83168029785156,136.61727905273438,284.50518798828125,-1,-1,-1,-1
66,3,438.31634521484375,140.61361694335938,141.62274169921875,306.2787780761719,-1,-1,-1,-1
67,3,429.560791015625,141.43394470214844,148.8741455078125,316.728759765625,-1,-1,-1,-1
68,3,424.50048828125,142.7815399169922,149.19610595703125,316.1773681640625,-1,-1,-1,-1
69,3,416.1314697265625,144.37867736816406,157.10504150390625,317.78558349609375,-1,-1,-1,-1
70,3,415.77642822265625,144.55616760253906,158.561279296875,317.6162109375,-1,-1,-1,-1
71,3,406.93365478515625,145.35813903808594,158.71697998046875,317.70025634765625,-1,-1,-1,-1
72,3,413.52435302734375,146.0551300048828,153.52874755859375,296.1429443359375,-1,-1,-1,-1
73,3,404.24700927734375,143.16287231445312,162.27679443359375,301.28857421875,-1,-1,-1,-1
74,3,394.8227844238281,142.38531494140625,165.72769165039062,319.8385009765625,-1,-1,-1,-1
75,3,382.0798645019531,141.76512145996094,174.94522094726562,322.99615478515625,-1,-1,-1,-1
76,3,381.34088134765625,141.66587829589844,176.06201171875,323.230712890625,-1,-1,-1,-1
77,3,377.617431640625,138.95858764648438,173.094482421875,326.01214599609375,-1,-1,-1,-1
78,3,381.65838623046875,138.86651611328125,157.54150390625,328.7424011230469,-1,-1,-1,-1
79,3,387.0301208496094,139.07720947265625,150.49246215820312,331.1024169921875,-1,-1,-1,-1
80,3,404.09429931640625,139.19110107421875,132.947265625,328.0162658691406,-1,-1,-1,-1
81,3,412.61328125,140.1419219970703,120.74359130859375,329.609619140625,-1,-1,-1,-1
82,3,412.2684631347656,140.12966918945312,121.11325073242188,323.46527099609375,-1,-1,-1,-1
83,3,421.6273193359375,141.19091796875,111.33160400390625,328.2576599121094,-1,-1,-1,-1
84,3,430.3905029296875,141.7901611328125,101.80517578125,333.30078125,-1,-1,-1,-1
85,3,427.0115051269531,142.4940643310547,108.46578979492188,336.49298095703125,-1,-1,-1,-1
86,3,425.7798156738281,142.705322265625,118.40963745117188,331.20751953125,-1,-1,-1,-1
87,3,426.11358642578125,144.87179565429688,121.22198486328125,311.51397705078125,-1,-1,-1,-1
88,3,425.84027099609375,144.87559509277344,121.746337890625,308.69293212890625,-1,-1,-1,-1
89,3,430.5402526855469,147.9645233154297,124.12948608398438,302.86785888671875,-1,-1,-1,-1
90,3,416.8963623046875,150.53297424316406,151.84185791015625,289.3861083984375,-1,-1,-1,-1
91,3,405.2130126953125,156.78482055664062,179.71234130859375,292.5157165527344,-1,-1,-1,-1
92,3,396.75982666015625,161.7733917236328,208.1429443359375,287.939208984375,-1,-1,-1,-1
93,3,395.25628662109375,167.40914916992188,253.77423095703125,325.4969787597656,-1,-1,-1,-1
94,3,394.3541259765625,167.85638427734375,255.5592041015625,325.45220947265625,-1,-1,-1,-1
95,3,389.4761047363281,173.08038330078125,265.3111267089844,321.72723388671875,-1,-1,-1,-1
96,3,401.0630187988281,179.93202209472656,251.90225219726562,317.09173583984375,-1,-1,-1,-1
97,3,391.7143859863281,182.7029266357422,269.7073059082031,305.91815185546875,-1,-1,-1,-1
98,3,393.4866943359375,184.95697021484375,259.4844970703125,313.1930847167969,-1,-1,-1,-1
1,4,638.4706420898438,106.88396453857422,168.24285888671875,322.1475524902344,-1,-1,-1,-1
2,4,634.4419555664062,108.15348052978516,173.5479736328125,325.80108642578125,-1,-1,-1,-1
3,4,648.4227905273438,104.48815155029297,154.90606689453125,295.1939697265625,-1,-1,-1,-1
4,4,647.736083984375,104.38065338134766,155.510009765625,291.6029052734375,-1,-1,-1,-1
5,4,649.3944091796875,102.75630187988281,151.84808349609375,315.7255859375,-1,-1,-1,-1
6,4,646.1709594726562,115.04918670654297,146.67950439453125,287.1873779296875,-1,-1,-1,-1
7,4,663.605712890625,117.11783599853516,133.769775390625,293.3218078613281,-1,-1,-1,-1
8,4,669.2763061523438,115.04411315917969,124.4588623046875,300.2401123046875,-1,-1,-1,-1
9,4,677.4288330078125,114.73968505859375,123.90802001953125,315.5780334472656,-1,-1,-1,-1
10,4,677.9036254882812,114.709228515625,123.1942138671875,316.08740234375,-1,-1,-1,-1
11,4,681.982177734375,114.75593566894531,123.93414306640625,314.806640625,-1,-1,-1,-1
12,4,677.2051391601562,115.44816589355469,125.90582275390625,314.682373046875,-1,-1,-1,-1
13,4,676.4312133789062,114.57874298095703,124.90216064453125,321.44097900390625,-1,-1,-1,-1
14,4,672.7374267578125,113.64926147460938,129.2762451171875,321.96697998046875,-1,-1,-1,-1
15,4,665.9307861328125,113.76770782470703,139.88214111328125,335.79345703125,-1,-1,-1,-1
16,4,665.2501220703125,113.98821258544922,141.58624267578125,337.7545471191406,-1,-1,-1,-1
17,4,663.9360961914062,115.89232635498047,140.93182373046875,327.572021484375,-1,-1,-1,-1
18,4,658.244140625,116.3769302368164,170.3519287109375,340.63238525390625,-1,-1,-1,-1
19,4,654.8741455078125,117.42267608642578,171.02972412109375,336.83636474609375,-1,-1,-1,-1
20,4,650.37548828125,118.75597381591797,169.2568359375,343.4493713378906,-1,-1,-1,-1
21,4,651.3241577148438,118.63414764404297,164.992919921875,332.2142639160156,-1,-1,-1,-1
22,4,650.323974609375,118.66179656982422,166.60882568359375,330.94317626953125,-1,-1,-1,-1
23,4,643.3129272460938,119.96485137939453,168.76214599609375,337.77972412109375,-1,-1,-1,-1
24,4,648.1264038085938,121.72762298583984,163.61993408203125,296.1280517578125,-1,-1,-1,-1
25,4,639.5845947265625,117.90055084228516,180.9989013671875,338.44488525390625,-1,-1,-1,-1
26,4,647.2811279296875,119.95333099365234,170.92431640625,336.5339660644531,-1,-1,-1,-1
27,4,646.7108154296875,117.08162689208984,172.5562744140625,350.4119567871094,-1,-1,-1,-1
28,4,646.4481201171875,117.35472106933594,174.15814208984375,350.30645751953125,-1,-1,-1,-1
29,4,655.3494262695312,117.30974578857422,169.5765380859375,350.6044616699219,-1,-1,-1,-1
30,4,663.536865234375,116.0423583984375,166.42083740234375,353.2584533691406,-1,-1,-1,-1
31,4,677.451416015625,114.22974395751953,152.1796875,354.1365966796875,-1,-1,-1,-1
32,4,687.83935546875,116.22413635253906,145.09014892578125,349.05328369140625,-1,-1,-1,-1
33,4,698.7835693359375,117.73588562011719,139.19415283203125,355.57843017578125,-1,-1,-1,-1
34,4,699.269287109375,117.69465637207031,138.30621337890625,355.93408203125,-1,-1,-1,-1
35,4,714.485595703125,116.20881652832031,126.81951904296875,322.604736328125,-1,-1,-1,-1
36,4,718.0960693359375,120.2650146484375,129.4281005859375,317.6686096191406,-1,-1,-1,-1
37,4,719.3834838867188,115.70635986328125,139.2958984375,349.69598388671875,-1,-1,-1,-1
38,4,731.18115234375,116.4418716430664,131.55322265625,358.0010681152344,-1,-1,-1,-1
39,4,738.730712890625,119.00837707519531,128.40673828125,356.3515625,-1,-1,-1,-1
40,4,738.7576904296875,119.0917739868164,128.51605224609375,356.3022766113281,-1,-1,-1,-1
41,4,745.3587646484375,121.0687026977539,121.8826904296875,353.44390869140625,-1,-1,-1,-1
42,4,751.2391967773438,123.84403228759766,114.2098388671875,352.3237609863281,-1,-1,-1,-1
43,4,756.1513671875,124.7188720703125,109.2091064453125,344.2935791015625,-1,-1,-1,-1
44,4,760.0599975585938,131.2760467529297,109.4052734375,337.255859375,-1,-1,-1,-1
45,4,758.5238647460938,130.4365692138672,113.13519287109375,332.0670166015625,-1,-1,-1,-1
46,4,758.4935913085938,130.19017028808594,113.23284912109375,331.779541015625,-1,-1,-1,-1
47,4,761.4488525390625,130.68728637695312,114.51104736328125,331.38189697265625,-1,-1,-1,-1
48,4,759.5345458984375,133.11727905273438,115.210205078125,326.2154846191406,-1,-1,-1,-1
49,4,757.0338745117188,137.13682556152344,128.72430419921875,346.59246826171875,-1,-1,-1,-1
50,4,755.0416259765625,138.47122192382812,134.2239990234375,337.1458740234375,-1,-1,-1,-1
51,4,751.845703125,138.2188720703125,144.0413818359375,348.47869873046875,-1,-1,-1,-1
52,4,751.7483520507812,138.42822265625,144.34808349609375,348.400634765625,-1,-1,-1,-1
53,4,750.7265625,132.55125427246094,156.5693359375,355.42242431640625,-1,-1,-1,-1
54,4,746.9046630859375,132.2056884765625,164.376220703125,356.08905029296875,-1,-1,-1,-1
55,4,742.9486083984375,137.8480682373047,174.16424560546875,350.75848388671875,-1,-1,-1,-1
56,4,738.824951171875,151.35336303710938,178.01751708984375,335.15313720703125,-1,-1,-1,-1
57,4,733.226318359375,151.43350219726562,183.6019287109375,335.98089599609375,-1,-1,-1,-1
58,4,733.1473388671875,150.83795166015625,183.681640625,336.9060363769531,-1,-1,-1,-1
59,4,723.242919921875,158.33853149414062,188.4744873046875,321.8295593261719,-1,-1,-1,-1
60,4,710.8128662109375,161.61798095703125,195.6697998046875,323.2174377441406,-1,-1,-1,-1
61,4,701.587158203125,167.9880828857422,201.0665283203125,321.2366943359375,-1,-1,-1,-1
62,4,696.4694213867188,166.62548828125,203.17681884765625,323.2962341308594,-1,-1,-1,-1
63,4,693.287841796875,174.4739227294922,204.19195556640625,316.299072265625,-1,-1,-1,-1
64,4,693.1124877929688,175.36619567871094,204.48846435546875,315.5035400390625,-1,-1,-1,-1
65,4,695.6510009765625,181.0257110595703,196.2342529296875,310.7803955078125,-1,-1,-1,-1
66,4,696.7864990234375,184.11062622070312,201.13751220703125,308.9030456542969,-1,-1,-1,-1
67,4,709.7120361328125,183.72747802734375,197.17047119140625,299.2428894042969,-1,-1,-1,-1
68,4,716.3604125976562,185.8499298095703,196.78857421875,308.30023193359375,-1,-1,-1,-1
69,4,731.1741943359375,187.11557006835938,191.2607421875,306.3014221191406,-1,-1,-1,-1
70,4,731.7220458984375,187.09161376953125,190.513671875,306.36590576171875,-1,-1,-1,-1
71,4,751.1514892578125,186.06405639648438,171.57574462890625,311.12030029296875,-1,-1,-1,-1
72,4,770.4168090820312,186.69920349121094,156.694580078125,306.50634765625,-1,-1,-1,-1
73,4,782.037109375,185.20474243164062,154.03424072265625,311.82513427734375,-1,-1,-1,-1
74,4,791.2291870117188,184.92141723632812,151.38909912109375,309.5438232421875,-1,-1,-1,-1
75,4,800.8359375,185.90707397460938,143.287353515625,311.349853515625,-1,-1,-1,-1
76,4,801.1146240234375,185.81935119628906,142.8927001953125,311.66119384765625,-1,-1,-1,-1
77,4,807.3568115234375,185.79136657714844,144.86566162109375,313.088134765625,-1,-1,-1,-1
78,4,813.3907470703125,187.53587341308594,150.90234375,314.05340576171875,-1,-1,-1,-1
79,4,821.352783203125,188.96694946289062,153.6500244140625,309.8211669921875,-1,-1,-1,-1
80,4,822.9890747070312,191.26852416992188,139.98846435546875,304.2628173828125,-1,-1,-1,-1
81,4,827.9036865234375,194.5812225341797,144.719970703125,301.7576904296875,-1,-1,-1,-1
82,4,827.7562255859375,194.7518768310547,145.20166015625,301.72894287109375,-1,-1,-1,-1
83,4,830.0050659179688,196.79022216796875,173.70428466796875,304.2249755859375,-1,-1,-1,-1
84,4,835.6165771484375,200.62132263183594,175.33087158203125,310.3896484375,-1,-1,-1,-1
85,4,831.190673828125,202.95278930664062,178.568359375,309.1931457519531,-1,-1,-1,-1
86,4,826.448486328125,206.4223175048828,179.508544921875,303.5419921875,-1,-1,-1,-1
87,4,821.6481323242188,212.38160705566406,180.69482421875,300.1474609375,-1,-1,-1,-1
88,4,821.6380615234375,212.5944061279297,180.69940185546875,300.04681396484375,-1,-1,-1,-1
89,4,816.3827514648438,216.3484649658203,177.04400634765625,297.503173828125,-1,-1,-1,-1
90,4,813.2431030273438,220.65579223632812,173.17864990234375,292.8134460449219,-1,-1,-1,-1
91,4,809.0853881835938,223.29847717285156,189.17047119140625,289.67901611328125,-1,-1,-1,-1
92,4,803.373046875,226.1993865966797,188.3951416015625,283.65667724609375,-1,-1,-1,-1
93,4,805.05859375,229.24771118164062,186.06121826171875,277.6231994628906,-1,-1,-1,-1
94,4,805.04736328125,229.473388671875,186.221435546875,277.1247863769531,-1,-1,-1,-1
95,4,802.5689086914062,228.23291015625,191.75543212890625,272.7486877441406,-1,-1,-1,-1
96,4,795.9564208984375,226.84848022460938,181.98895263671875,268.5407409667969,-1,-1,-1,-1
97,4,792.2753295898438,224.56655883789062,178.03399658203125,270.82745361328125,-1,-1,-1,-1
98,4,791.7791137695312,224.8413543701172,164.61053466796875,275.82373046875,-1,-1,-1,-1
1,5,535.7459716796875,117.17711639404297,102.61004638671875,263.33514404296875,-1,-1,-1,-1
2,5,529.7093505859375,118.51327514648438,109.50146484375,277.832763671875,-1,-1,-1,-1
3,5,527.0664672851562,120.35964965820312,108.77423095703125,270.2954406738281,-1,-1,-1,-1
4,5,525.713134765625,120.04045104980469,110.8514404296875,267.43780517578125,-1,-1,-1,-1
5,5,529.3807373046875,122.10150909423828,105.63287353515625,263.259765625,-1,-1,-1,-1
6,5,529.9950561523438,123.2667465209961,95.73956298828125,257.9593505859375,-1,-1,-1,-1
7,5,527.4156494140625,123.62154388427734,93.54296875,257.6183776855469,-1,-1,-1,-1
8,5,523.4306640625,123.77961730957031,95.294921875,249.37718200683594,-1,-1,-1,-1
9,5,522.23486328125,123.13970184326172,103.3004150390625,252.71383666992188,-1,-1,-1,-1
10,5,522.1224975585938,123.18659210205078,103.7813720703125,252.45260620117188,-1,-1,-1,-1
11,5,519.3171997070312,123.18341827392578,114.2369384765625,252.82571411132812,-1,-1,-1,-1
12,5,519.1585693359375,122.51935577392578,107.429443359375,247.1466064453125,-1,-1,-1,-1
13,5,517.0445556640625,119.65164947509766,101.67449951171875,247.36215209960938,-1,-1,-1,-1
14,5,500.0015869140625,116.85526275634766,98.8519287109375,252.35031127929688,-1,-1,-1,-1
15,5,484.81494140625,114.683349609375,109.885498046875,264.1274108886719,-1,-1,-1,-1
16,5,483.4866027832031,114.6756362915039,111.80923461914062,264.78363037109375,-1,-1,-1,-1
17,5,490.9049072265625,114.17991638183594,104.8404541015625,271.3797607421875,-1,-1,-1,-1
18,5,480.3600769042969,113.44192504882812,113.30563354492188,267.0440673828125,-1,-1,-1,-1
19,5,443.935791015625,113.62869262695312,148.6697998046875,274.7396240234375,-1,-1,-1,-1
20,5,417.8470764160156,114.50326538085938,167.48800659179688,273.9081115722656,-1,-1,-1,-1
21,5,417.53594970703125,114.3043441772461,164.71002197265625,272.00341796875,-1,-1,-1,-1
22,5,418.9496765136719,114.29431915283203,162.51736450195312,272.1158142089844,-1,-1,-1,-1
23,5,422.338134765625,116.56194305419922,150.256103515625,279.93304443359375,-1,-1,-1,-1
24,5,419.79132080078125,117.44335174560547,148.2235107421875,277.15264892578125,-1,-1,-1,-1
25,5,412.760986328125,118.74666595458984,139.95330810546875,281.0802917480469,-1,-1,-1,-1
26,5,424.05828857421875,121.21527862548828,119.7664794921875,267.010498046875,-1,-1,-1,-1
27,5,412.9148254394531,121.65231323242188,126.66384887695312,270.3309631347656,-1,-1,-1,-1
28,5,411.96319580078125,121.6212387084961,127.8489990234375,270.59844970703125,-1,-1,-1,-1
29,5,411.0108642578125,122.28067016601562,126.5838623046875,245.86007690429688,-1,-1,-1,-1
30,5,406.19342041015625,120.66228485107422,131.0787353515625,283.51495361328125,-1,-1,-1,-1
31,5,401.3878173828125,118.94371795654297,134.84716796875,284.6722717285156,-1,-1,-1,-1
32,5,408.529052734375,118.1259536743164,121.881591796875,284.35137939453125,-1,-1,-1,-1
33,5,398.53692626953125,117.42520141601562,120.538330078125,288.658203125,-1,-1,-1,-1
34,5,398.6913146972656,117.343505859375,119.85086059570312,288.76690673828125,-1,-1,-1,-1
35,5,409.0403137207031,119.24111938476562,104.36074829101562,274.2052307128906,-1,-1,-1,-1
36,5,415.38201904296875,119.55824279785156,114.25341796875,281.02056884765625,-1,-1,-1,-1
37,5,410.22625732421875,122.84699249267578,120.4952392578125,281.7514343261719,-1,-1,-1,-1
38,5,406.29888916015625,125.35493469238281,123.64752197265625,281.14697265625,-1,-1,-1,-1
39,5,401.4497985839844,126.4797134399414,118.33242797851562,278.0903015136719,-1,-1,-1,-1
40,5,401.8218688964844,126.3653564453125,117.56192016601562,278.5084533691406,-1,-1,-1,-1
41,5,396.97039794921875,127.69831848144531,116.02096557617188,276.334716796875,-1,-1,-1,-1
42,5,397.46124267578125,127.6270523071289,115.57070922851562,282.7107238769531,-1,-1,-1,-1
43,5,400.1252136230469,127.38141632080078,106.98989868164062,272.2466735839844,-1,-1,-1,-1
44,5,397.87286376953125,126.73446655273438,104.90814208984375,275.25946044921875,-1,-1,-1,-1
45,5,394.8901062011719,124.39672088623047,104.39715576171875,275.7908020019531,-1,-1,-1,-1
46,5,395.6641540527344,124.2584457397461,103.32315063476562,275.8614807128906,-1,-1,-1,-1
47,5,386.92254638671875,122.33094024658203,108.43484497070312,280.9612731933594,-1,-1,-1,-1
48,5,386.3808288574219,124.16893005371094,109.63668823242188,276.02911376953125,-1,-1,-1,-1
49,5,366.60595703125,124.9691162109375,126.19082641601562,278.48602294921875,-1,-1,-1,-1
50,5,358.4429931640625,125.62844848632812,138.72164916992188,278.45233154296875,-1,-1,-1,-1
51,5,350.20001220703125,127.92058563232422,146.53924560546875,267.2743835449219,-1,-1,-1,-1
52,5,345.25372314453125,127.98152160644531,152.48080444335938,267.11138916015625,-1,-1,-1,-1
53,5,350.8944091796875,131.02908325195312,140.4091796875,273.6153869628906,-1,-1,-1,-1
54,5,350.468994140625,133.97975158691406,136.26849365234375,286.83154296875,-1,-1,-1,-1
55,5,335.4619445800781,137.87582397460938,148.04046630859375,284.5794372558594,-1,-1,-1,-1
56,5,347.3331298828125,141.1785430908203,132.07879638671875,277.9608154296875,-1,-1,-1,-1
57,5,342.5414733886719,143.15432739257812,130.73825073242188,275.76849365234375,-1,-1,-1,-1
58,5,342.5054931640625,143.16835021972656,130.7210693359375,275.702392578125,-1,-1,-1,-1
59,5,342.0804748535156,143.49659729003906,133.42391967773438,276.7777099609375,-1,-1,-1,-1
60,5,341.7900695800781,144.14002990722656,134.8980712890625,280.03106689453125,-1,-1,-1,-1
61,5,352.2663269042969,144.51622009277344,125.26321411132812,258.8221435546875,-1,-1,-1,-1
62,5,357.289306640625,143.47682189941406,122.92364501953125,269.2274169921875,-1,-1,-1,-1
63,5,364.3612060546875,143.25875854492188,110.09957885742188,266.87542724609375,-1,-1,-1,-1
64,5,365.02276611328125,143.03709411621094,109.12469482421875,267.38336181640625,-1,-1,-1,-1
65,5,360.565673828125,143.50856018066406,115.09576416015625,269.5953369140625,-1,-1,-1,-1
66,5,367.38250732421875,146.08702087402344,109.6385498046875,278.1771240234375,-1,-1,-1,-1
67,5,372.5106506347656,149.73988342285156,109.95822143554688,275.47210693359375,-1,-1,-1,-1
68,5,378.0347595214844,153.61849975585938,101.90866088867188,273.2125549316406,-1,-1,-1,-1
69,5,381.34356689453125,157.30499267578125,101.1224365234375,263.46331787109375,-1,-1,-1,-1
70,5,380.8088073730469,157.30731201171875,101.48635864257812,263.0218505859375,-1,-1,-1,-1
71,5,386.46630859375,158.5950164794922,103.99148559570312,275.71539306640625,-1,-1,-1,-1
72,5,387.43218994140625,161.96038818359375,95.3045654296875,263.0151672363281,-1,-1,-1,-1
73,5,383.31512451171875,164.90760803222656,95.8785400390625,285.76556396484375,-1,-1,-1,-1
74,5,379.9552307128906,167.10494995117188,103.69317626953125,294.2054138183594,-1,-1,-1,-1
75,5,376.76422119140625,169.39208984375,113.57781982421875,291.6857604980469,-1,-1,-1,-1
76,5,375.7326965332031,170.33030700683594,117.65628051757812,290.466796875,-1,-1,-1,-1
77,5,377.40625,168.25697326660156,121.093017578125,290.088623046875,-1,-1,-1,-1
78,5,382.27801513671875,170.18215942382812,121.3138427734375,293.783203125,-1,-1,-1,-1
79,5,386.9256286621094,169.0951385498047,111.85739135742188,284.25677490234375,-1,-1,-1,-1
80,5,389.65911865234375,169.5775909423828,102.10003662109375,297.3067626953125,-1,-1,-1,-1
81,5,396.5887451171875,168.73300170898438,97.2158203125,298.75494384765625,-1,-1,-1,-1
82,5,396.17431640625,168.97259521484375,97.70037841796875,298.46490478515625,-1,-1,-1,-1
83,5,385.833740234375,169.9659423828125,78.4398193359375,233.12353515625,-1,-1,-1,-1
84,5,383.20751953125,169.22911071777344,80.03610229492188,231.89784240722656,-1,-1,-1,-1
85,5,379.86029052734375,168.3030242919922,82.50991821289062,233.0791473388672,-1,-1,-1,-1
86,5,385.29144287109375,168.295166015625,83.86212158203125,233.82562255859375,-1,-1,-1,-1
87,5,388.67034912109375,166.83062744140625,79.03628540039062,236.14459228515625,-1,-1,-1,-1
88,5,389.1455993652344,166.8553466796875,77.79489135742188,236.03628540039062,-1,-1,-1,-1
89,5,391.51898193359375,165.3503875732422,82.24069213867188,241.40391540527344,-1,-1,-1,-1
90,5,390.98785400390625,165.6726837158203,82.202392578125,263.46044921875,-1,-1,-1,-1
91,5,387.8299560546875,167.34637451171875,85.17922973632812,265.10552978515625,-1,-1,-1,-1
92,5,388.75665283203125,168.72622680664062,86.13604736328125,263.43701171875,-1,-1,-1,-1
93,5,386.814697265625,168.20538330078125,93.03286743164062,252.72012329101562,-1,-1,-1,-1
94,5,386.6350402832031,168.4567108154297,93.5762939453125,245.19505310058594,-1,-1,-1,-1
95,5,383.3458251953125,169.9059295654297,101.09307861328125,256.79151916503906,-1,-1,-1,-1
96,5,387.1343078613281,172.85055541992188,100.0714111328125,244.03384399414062,-1,-1,-1,-1
97,5,384.04876708984375,173.1591339111328,110.1195068359375,242.2125701904297,-1,-1,-1,-1
98,5,391.69146728515625,174.88143920898438,107.2174072265625,247.39935302734375,-1,-1,-1,-1
20,6,532.1199951171875,133.93531799316406,115.0330810546875,247.1177520751953,-1,-1,-1,-1
21,6,532.24609375,132.7025604248047,107.16241455078125,252.07920837402344,-1,-1,-1,-1
22,6,532.6635131835938,132.2008056640625,104.18023681640625,253.91671752929688,-1,-1,-1,-1
23,6,525.97216796875,131.30914306640625,106.6468505859375,256.0908508300781,-1,-1,-1,-1
24,6,513.7288818359375,134.63800048828125,108.244873046875,241.4556884765625,-1,-1,-1,-1
25,6,518.2188720703125,136.8425750732422,103.26104736328125,248.73817443847656,-1,-1,-1,-1
26,6,512.4280700683594,150.2434844970703,97.69375610351562,233.94163513183594,-1,-1,-1,-1
27,6,506.8219909667969,141.3427276611328,101.99612426757812,250.5626678466797,-1,-1,-1,-1
28,6,510.4958190917969,141.94143676757812,104.79849243164062,251.53756713867188,-1,-1,-1,-1
29,6,510.9603271484375,143.92886352539062,101.59881591796875,244.93609619140625,-1,-1,-1,-1
30,6,488.6091003417969,156.534423828125,100.77236938476562,236.69931030273438,-1,-1,-1,-1
31,6,469.16119384765625,160.28912353515625,118.166748046875,241.05935668945312,-1,-1,-1,-1
32,6,461.601318359375,162.0713348388672,117.16070556640625,251.9969024658203,-1,-1,-1,-1
33,6,458.9786682128906,164.832275390625,115.21365356445312,273.6086730957031,-1,-1,-1,-1
34,6,458.7796630859375,165.2348175048828,116.54693603515625,281.3013916015625,-1,-1,-1,-1
35,6,466.28216552734375,159.00778198242188,109.57196044921875,285.4595031738281,-1,-1,-1,-1
36,6,473.3684387207031,181.1304168701172,91.76309204101562,240.6958770751953,-1,-1,-1,-1
37,6,457.702392578125,179.39344787597656,116.09954833984375,249.2372589111328,-1,-1,-1,-1
38,6,454.0847473144531,146.68017578125,139.99880981445312,308.0362854003906,-1,-1,-1,-1
39,6,457.0440368652344,146.02427673339844,149.76516723632812,301.60992431640625,-1,-1,-1,-1
39,7,509.71759033203125,122.4970932006836,138.06427001953125,303.46923828125,-1,-1,-1,-1
40,7,511.502197265625,122.39845275878906,136.4830322265625,302.46710205078125,-1,-1,-1,-1
41,7,514.6947021484375,120.4295654296875,138.3614501953125,303.6122131347656,-1,-1,-1,-1
42,7,508.7856750488281,126.71772003173828,146.45516967773438,298.1847229003906,-1,-1,-1,-1
43,7,512.1404724121094,126.02790069580078,137.83615112304688,284.6751708984375,-1,-1,-1,-1
44,7,509.80316162109375,124.47454833984375,132.568603515625,281.3896484375,-1,-1,-1,-1
45,7,508.21533203125,127.09352111816406,150.3233642578125,287.02838134765625,-1,-1,-1,-1
46,7,501.46820068359375,125.76829528808594,154.58367919921875,292.74505615234375,-1,-1,-1,-1
47,7,490.9136657714844,126.74658203125,162.08602905273438,294.46875,-1,-1,-1,-1
48,7,486.4432678222656,136.18023681640625,166.50936889648438,297.9417419433594,-1,-1,-1,-1
49,8,517.201416015625,136.29335021972656,137.4122314453125,283.33740234375,-1,-1,-1,-1
50,8,515.431396484375,141.07237243652344,136.3173828125,277.4163818359375,-1,-1,-1,-1
51,8,515.7236328125,140.38092041015625,136.04559326171875,269.64129638671875,-1,-1,-1,-1
52,8,516.387939453125,140.12066650390625,135.3314208984375,269.04534912109375,-1,-1,-1,-1
53,8,516.0939331054688,140.17041015625,134.761962890625,269.2763671875,-1,-1,-1,-1
54,8,514.825927734375,138.88702392578125,130.6876220703125,277.93560791015625,-1,-1,-1,-1
55,8,507.5035400390625,138.5836181640625,136.4808349609375,279.5496826171875,-1,-1,-1,-1
56,8,501.82952880859375,141.2051239013672,141.7196044921875,264.5029296875,-1,-1,-1,-1
57,8,503.5821533203125,139.0620574951172,136.5985107421875,265.6539306640625,-1,-1,-1,-1
58,8,505.79833984375,139.10618591308594,134.69769287109375,265.75433349609375,-1,-1,-1,-1
59,8,505.6853332519531,142.93495178222656,118.45077514648438,261.83642578125,-1,-1,-1,-1
60,8,525.07373046875,156.243408203125,102.56689453125,248.987548828125,-1,-1,-1,-1
61,8,533.6389770507812,152.686767578125,102.09869384765625,257.0897216796875,-1,-1,-1,-1
62,8,530.6453247070312,153.0762939453125,113.1160888671875,257.9488220214844,-1,-1,-1,-1
63,8,539.763671875,156.8457794189453,106.8970947265625,250.0701141357422,-1,-1,-1,-1
64,8,540.4439086914062,156.89590454101562,106.40447998046875,250.17495727539062,-1,-1,-1,-1
65,8,525.017822265625,153.7340850830078,124.1341552734375,274.74945068359375,-1,-1,-1,-1
66,8,525.7384643554688,155.85325622558594,121.89654541015625,261.05133056640625,-1,-1,-1,-1
67,8,530.6450805664062,157.964599609375,120.21331787109375,253.63748168945312,-1,-1,-1,-1
68,8,533.6141967773438,159.18853759765625,116.75860595703125,251.7518310546875,-1,-1,-1,-1
69,8,537.6806640625,160.0359649658203,111.17791748046875,250.7927703857422,-1,-1,-1,-1
70,8,537.9124755859375,159.9921417236328,110.8240966796875,250.79676818847656,-1,-1,-1,-1
71,8,537.862548828125,159.5136260986328,113.26702880859375,277.52862548828125,-1,-1,-1,-1
72,8,539.6378784179688,159.8333282470703,108.97381591796875,267.95849609375,-1,-1,-1,-1
73,8,539.3590087890625,161.44082641601562,105.712158203125,272.9264221191406,-1,-1,-1,-1
74,8,540.2235717773438,163.3051300048828,100.2178955078125,272.06121826171875,-1,-1,-1,-1
75,8,541.0941772460938,163.44412231445312,98.85430908203125,267.769287109375,-1,-1,-1,-1
76,8,541.02685546875,163.46771240234375,98.9613037109375,267.1089782714844,-1,-1,-1,-1
77,8,540.29443359375,163.5134735107422,96.44915771484375,265.1756591796875,-1,-1,-1,-1
78,8,541.2781372070312,167.5988006591797,94.87384033203125,270.5675048828125,-1,-1,-1,-1
79,8,539.6728515625,163.43942260742188,99.0201416015625,283.6287841796875,-1,-1,-1,-1
80,8,535.3048095703125,164.67274475097656,102.697265625,291.9085693359375,-1,-1,-1,-1
81,8,532.0693969726562,160.15106201171875,103.0877685546875,291.4279479980469,-1,-1,-1,-1
82,8,531.9539184570312,159.9384002685547,103.41265869140625,291.16162109375,-1,-1,-1,-1
83,8,530.4913330078125,167.2772979736328,96.589599609375,274.80181884765625,-1,-1,-1,-1
84,8,529.9510498046875,174.54129028320312,96.04119873046875,272.343505859375,-1,-1,-1,-1
85,8,527.7509765625,175.41464233398438,91.423828125,238.47503662109375,-1,-1,-1,-1
86,8,523.8135375976562,175.003173828125,99.333984375,271.29046630859375,-1,-1,-1,-1
87,8,525.0370483398438,176.14682006835938,99.903564453125,275.91339111328125,-1,-1,-1,-1
88,8,525.2017211914062,176.20603942871094,99.7054443359375,276.06524658203125,-1,-1,-1,-1
89,8,524.3945922851562,176.08070373535156,97.70440673828125,272.81463623046875,-1,-1,-1,-1
90,8,517.1504516601562,175.96035766601562,101.3033447265625,271.8209228515625,-1,-1,-1,-1
91,8,516.0299682617188,176.65879821777344,100.276123046875,244.69691467285156,-1,-1,-1,-1
92,8,509.2118225097656,176.30015563964844,105.89846801757812,254.89012145996094,-1,-1,-1,-1
93,8,506.16778564453125,175.9558868408203,132.969970703125,257.4334716796875,-1,-1,-1,-1
94,8,504.9288330078125,176.2172088623047,135.4351806640625,256.9123992919922,-1,-1,-1,-1
95,8,505.49945068359375,177.4025115966797,142.513671875,253.9157257080078,-1,-1,-1,-1
96,8,507.2826232910156,177.63314819335938,145.91824340820312,282.7397155761719,-1,-1,-1,-1
97,8,510.1388244628906,179.91226196289062,146.60855102539062,274.8224792480469,-1,-1,-1,-1
98,8,515.6497802734375,182.75677490234375,133.37451171875,265.25616455078125,-1,-1,-1,-1
62,9,321.7513732910156,163.7163848876953,116.66192626953125,239.6803436279297,-1,-1,-1,-1
63,9,319.7014465332031,166.40528869628906,113.95870971679688,230.59141540527344,-1,-1,-1,-1
64,9,319.53369140625,165.7575225830078,115.48809814453125,231.9124298095703,-1,-1,-1,-1
65,9,313.732177734375,168.31983947753906,120.35943603515625,231.99928283691406,-1,-1,-1,-1
66,9,344.109619140625,169.1158905029297,91.39224243164062,220.6748809814453,-1,-1,-1,-1
67,9,348.756103515625,170.39511108398438,87.42974853515625,221.65316772460938,-1,-1,-1,-1
68,9,352.50335693359375,172.22901916503906,81.28533935546875,220.27049255371094,-1,-1,-1,-1
69,9,353.07965087890625,174.1434783935547,79.93081665039062,219.5653839111328,-1,-1,-1,-1
70,9,352.6460876464844,174.14559936523438,80.60806274414062,219.65802001953125,-1,-1,-1,-1
71,9,352.71630859375,174.20803833007812,84.0576171875,220.33270263671875,-1,-1,-1,-1
72,9,350.3323059082031,173.0786590576172,84.74887084960938,220.3939971923828,-1,-1,-1,-1
73,9,350.55462646484375,173.32298278808594,86.0341796875,221.6165313720703,-1,-1,-1,-1
74,9,348.9873352050781,174.3108673095703,86.39129638671875,222.8059539794922,-1,-1,-1,-1
75,9,349.17755126953125,174.14700317382812,86.22286987304688,220.3958740234375,-1,-1,-1,-1
76,9,349.2546691894531,174.24859619140625,85.94650268554688,218.65054321289062,-1,-1,-1,-1
77,9,347.8100280761719,173.9330291748047,83.40167236328125,214.07530212402344,-1,-1,-1,-1
78,9,347.568603515625,177.5705108642578,81.40359497070312,209.80433654785156,-1,-1,-1,-1
79,9,351.0433654785156,166.22251892089844,75.52301025390625,231.3862762451172,-1,-1,-1,-1
80,9,347.7596740722656,162.16421508789062,79.77847290039062,235.74459838867188,-1,-1,-1,-1
81,9,347.559326171875,163.52561950683594,81.456787109375,235.10487365722656,-1,-1,-1,-1
82,9,347.45672607421875,163.7263946533203,81.41107177734375,234.99131774902344,-1,-1,-1,-1
83,9,351.8082580566406,171.29632568359375,81.42678833007812,226.05056762695312,-1,-1,-1,-1
84,9,349.1479187011719,173.92015075683594,78.00341796875,222.9375762939453,-1,-1,-1,-1
85,9,347.00653076171875,179.23562622070312,74.60147094726562,215.38369750976562,-1,-1,-1,-1
86,9,345.13507080078125,185.510009765625,75.203857421875,207.15219116210938,-1,-1,-1,-1
87,9,348.0895690917969,185.56069946289062,74.75289916992188,205.64846801757812,-1,-1,-1,-1
88,9,348.590087890625,185.50808715820312,73.54107666015625,205.817626953125,-1,-1,-1,-1
89,9,352.711669921875,188.0001983642578,65.56106567382812,188.97483825683594,-1,-1,-1,-1
90,9,356.8333740234375,190.35194396972656,60.39642333984375,177.78236389160156,-1,-1,-1,-1
91,9,362.0029602050781,189.5427703857422,60.913177490234375,178.46632385253906,-1,-1,-1,-1
92,9,365.6075134277344,190.87213134765625,60.828643798828125,185.38107299804688,-1,-1,-1,-1
93,9,365.16217041015625,190.64608764648438,69.70462036132812,197.96975708007812,-1,-1,-1,-1
94,9,364.7304382324219,190.2638397216797,71.62530517578125,202.66270446777344,-1,-1,-1,-1
95,9,366.185791015625,191.1793975830078,76.63909912109375,212.47230529785156,-1,-1,-1,-1
96,9,368.6102294921875,192.01861572265625,76.69293212890625,214.29217529296875,-1,-1,-1,-1
97,9,376.68280029296875,192.5742645263672,75.55450439453125,207.86549377441406,-1,-1,-1,-1
98,9,379.29998779296875,195.16331481933594,76.22482299804688,206.72886657714844,-1,-1,-1,-1
